0401	0.503
0402	0.7169
0403	0.6206
0404	0.4413
0405	0.5441
0406	0.4662
0407	0.3014
0408	0.4959
0409	0.4715
0410	0.4699
0411	0.1961
0412	0.5424
0413	0.2664
0414	0.5924
0415	0.5912
0416	0.4336
0417	0.4444
0418	0.4819
0419	0.358
0420	0.2289
0421	0.3891
0422	0.091
0423	0.4725
0424	0.311
0425	0.3816
0426	0.4713
0427	0.4983
0428	0.6321
0429	0.7697
0430	0.5781
0431	0.3676
0432	0.7374
0433	0.2444
0434	0.663
0435	0.4398
0436	0.0
0437	0.3533
0438	0.4788
0439	0.4891
0440	0.7365
0441	0.3404
0442	0.5078
0443	0.5609
0444	0.4879
0445	0.4792
0446	0.674
0447	0.6606
0448	0.4642
0449	0.7239
0450	0.3581
