0401	0.5714
0402	0.5556
0403	0.5556
0404	0.4444
0405	0.625
0406	0.4444
0407	0.2857
0408	0.3333
0409	0.5714
0410	0.5
0411	0.25
0412	0.4286
0413	0.25
0414	0.3333
0415	0.6667
0416	0.4444
0417	0.6
0418	0.4444
0419	0.4
0420	0.25
0421	0.375
0422	0.1111
0423	0.5
0424	0.3333
0425	0.3333
0426	0.3333
0427	0.6
0428	0.5
0429	0.625
0430	0.4286
0431	0.2857
0432	0.625
0433	0.3333
0434	0.5556
0435	0.5714
0436	0.0
0437	0.375
0438	0.375
0439	0.4286
0440	0.5556
0441	0.4444
0442	0.4444
0443	0.625
0444	0.4444
0445	0.4286
0446	0.7143
0447	0.4444
0448	0.375
0449	0.6667
0450	0.3333
