0401	0.407
0402	0.8813
0403	0.7003
0404	0.424
0405	0.4376
0406	0.459
0407	0.3444
0408	0.6699
0409	0.4254
0410	0.4118
0411	0.1332
0412	0.6678
0413	0.2477
0414	0.8543
0415	0.5336
0416	0.388
0417	0.2699
0418	0.4769
0419	0.3026
0420	0.2566
0421	0.3966
0422	0.0666
0423	0.4169
0424	0.277
0425	0.4498
0426	0.5775
0427	0.3556
0428	0.7683
0429	0.9103
0430	0.7274
0431	0.4115
0432	0.8631
0433	0.1477
0434	0.7724
0435	0.3066
0436	0.0
0437	0.291
0438	0.601
0439	0.5449
0440	0.9233
0441	0.2194
0442	0.5345
0443	0.5112
0444	0.4958
0445	0.538
0446	0.603
0447	0.8619
0448	0.567
0449	0.7994
0450	0.3693
